100
48 92 10 7 23 65 53 2 88 15 48 40 74 28 44 22 1 55 31 38 5 2 99 25 87 76 55 95 3 82 58 88 90 1 91 98 73 67 50 90 68 60 38 10 42 42 46 17 16 68 38 73 4 32 54 62 75 60 78 97 41 24 12 9 75 49 15 23 4 41 84 81 79 29 76 6 82 24 82 8 53 37 72 84 50 2 15 8 51 71 25 26 32 31 46 73 2 79 65 52
86 81 42 51 62 88 7 6 12 86 9 96 43 94 0 77 9 68 39 97 5 60 94 97 77 92 9 24 37 82 22 21 55 30 5 38 49 88 60 60 4 16 0 99 51 42 94 73 81 6 99 49 57 58 95 45 65 99 50 35 90 9 30 34 57 47 92 43 85 83 27 97 57 3 21 66 91 31 43 74 95 67 80 49 48 93 27 92 35 90 38 16 33 80 94 6 92 84 5 34
71 39 90 3 1 72 86 13 74 27 50 24 64 58 49 32 30 38 97 66 54 50 96 73 97 77 76 97 52 19 38 12 8 73 27 53 35 36 67 69 26 51 20 6 33 65 76 25 45 84 75 98 95 51 25 39 1 23 66 18 29 55 4 19 38 31 93 51 80 99 76 24 48 12 39 65 32 72 34 6 16 84 52 3 39 43 9 14 97 67 17 91 99 84 75 22 22 18 50 39
1 98 13 31 22 27 26 94 83 93 51 35 95 98 71 27 46 84 34 99 35 65 43 2 73 88 91 99 46 54 5 7 62 34 38 35 57 73 86 4 80 19 24 39 91 49 79 9 88 54 40 55 34 95 10 55 65 72 13 68 82 63 29 25 36 42 43 0 37 92 31 25 55 4 77 56 38 30 2 1 77 43 74 35 16 47 23 45 65 30 13 45 89 44 52 66 32 81 78 63
92 57 42 33 91 47 33 71 9 41 63 60 53 69 84 45 38 32 35 70 90 29 5 49 15 86 57 26 10 83 67 0 56 60 80 45 26 94 89 15 3 44 80 63 19 27 26 52 28 67 85 75 54 77 29 36 48 61 52 56 2 94 54 49 63 8 91 30 36 52 23 44 5 36 98 67 16 97 42 12 86 21 76 77 99 15 74 69 96 75 25 85 75 88 40 12 58 75 43 33
35 78 4 37 90 71 92 75 51 6 75 96 41 49 46 0 19 63 37 58 84 71 7 45 90 18 17 53 35 40 31 85 22 19 10 9 49 89 89 94 24 61 78 37 75 2 16 87 64 57 73 62 41 71 73 54 61 95 30 38 10 47 40 94 90 90 41 6 41 29 51 73 91 55 11 35 88 73 10 32 80 18 45 68 41 39 54 99 78 24 8 16 96 55 37 46 75 78 46 42
56 69 33 83 68 30 31 77 79 41 79 25 30 42 83 91 64 3 13 95 2 95 14 80 44 35 42 61 72 91 39 33 70 25 23 14 72 58 19 90 39 7 38 33 42 81 83 18 75 87 4 25 52 10 5 87 50 22 88 82 26 15 69 13 9 16 27 28 75 45 73 89 37 89 85 29 56 81 87 75 39 92 35 68 59 88 5 95 61 90 7 53 95 80 34 99 14 87 88 47
3 5 11 17 85 91 96 51 74 56 7 22 13 61 36 39 37 53 31 67 81 68 16 78 46 31 44 69 91 84 2 0 4 18 90 18 54 48 44 54 52 22 23 39 96 30 39 52 36 60 13 3 83 73 54 76 51 97 30 28 84 14 37 49 16 6 34 3 13 81 18 97 91 21 66 4 23 78 38 16 78 79 47 28 56 88 76 35 33 13 67 6 29 52 61 54 56 75 16 59
40 60 77 50 57 66 51 5 93 36 68 80 30 53 67 87 57 31 77 59 52 50 99 13 22 59 49 63 97 2 71 83 44 36 86 82 16 44 16 94 69 87 8 23 39 15 21 60 90 45 16 24 37 81 40 3 54 50 91 35 97 79 60 38 0 57 68 62 80 82 73 35 67 99 21 32 30 13 31 64 83 94 15 99 62 88 98 59 98 23 26 91 37 79 34 55 30 94 47 9
97 52 90 44 15 55 37 80 38 5 36 15 96 65 51 56 80 57 70 31 35 84 79 33 69 35 73 38 91 8 32 90 71 77 22 54 82 73 4 92 18 87 60 34 41 7 85 80 59 13 86 19 51 30 78 97 94 44 36 41 71 95 0 70 54 85 78 67 68 72 64 38 47 82 56 7 2 27 55 36 71 14 57 61 37 34 7 3 86 71 80 8 77 86 60 86 81 51 44 8
38 87 23 46 57 83 3 18 20 2 96 84 53 36 95 23 27 86 52 79 25 84 39 11 47 0 88 79 29 39 58 81 76 41 7 3 58 54 47 56 35 4 24 13 14 22 24 47 57 70 95 97 73 62 93 62 65 13 51 40 49 5 58 24 31 66 57 65 74 8 13 69 36 14 97 72 78 64 89 74 57 83 38 46 58 60 92 94 12 96 94 32 67 60 8 78 17 92 52 78
29 58 73 80 52 24 82 24 24 95 33 71 33 88 22 35 77 81 19 5 99 34 4 72 23 42 28 68 19 26 38 96 97 78 38 74 25 3 88 63 31 70 58 95 50 86 58 36 4 71 13 30 45 30 76 50 34 89 15 7 65 24 59 83 4 61 87 13 20 22 17 82 32 5 48 14 44 78 46 23 56 48 6 6 56 66 25 61 59 72 4 41 61 92 85 28 58 86 78 30
25 58 17 97 47 25 27 2 94 11 27 53 93 52 27 37 24 67 91 67 74 70 56 98 42 64 70 10 70 3 47 57 26 1 36 38 44 68 99 44 24 20 12 71 63 51 98 45 12 98 92 23 48 81 7 16 15 0 96 82 11 1 94 71 35 54 19 23 2 35 10 59 85 70 34 3 49 97 33 21 69 50 78 86 6 32 6 82 67 22 17 12 2 27 94 97 2 18 2 33
72 22 94 54 59 25 57 44 88 38 44 8 71 72 91 53 45 56 82 97 41 70 61 93 94 57 25 10 59 23 26 79 68 47 11 52 32 64 13 57 45 31 26 40 22 17 82 79 79 58 37 86 23 38 74 50 56 74 65 48 52 98 30 79 12 58 77 67 95 46 24 67 48 7 27 4 81 98 2 21 20 37 23 84 51 93 14 22 46 41 97 55 38 2 8 85 81 30 47 64
44 25 49 99 46 59 57 90 60 98 90 28 85 87 94 26 33 41 91 26 10 76 63 92 93 20 75 14 19 38 4 9 16 98 11 28 37 0 38 66 55 69 80 79 25 85 30 85 52 98 57 53 61 30 5 99 44 35 77 43 77 67 84 6 60 31 93 7 11 58 61 24 46 38 16 4 89 38 68 16 65 2 88 81 42 69 95 36 91 93 51 84 39 78 58 86 29 66 85 21
67 32 10 88 0 41 14 86 52 94 8 23 54 61 66 75 50 71 13 72 56 37 17 45 90 25 13 76 31 68 39 11 8 6 89 99 48 1 78 71 65 22 11 78 92 22 14 16 76 76 47 6 2 96 31 41 76 98 49 96 14 13 65 17 10 53 84 93 70 27 66 91 44 47 6 22 76 45 29 34 64 0 33 82 31 89 26 36 97 55 72 49 92 10 47 39 29 33 44 48
64 50 3 32 40 66 31 43 67 4 3 41 40 83 28 43 44 50 9 35 55 84 54 56 46 54 1 71 7 7 21 48 89 88 49 87 23 91 94 74 74 9 54 4 19 14 45 30 68 2 40 70 93 59 0 62 89 25 51 60 57 11 47 30 54 37 14 2 55 21 72 29 23 90 43 17 95 62 61 22 31 32 53 62 83 26 66 31 93 49 86 68 32 44 1 8 15 4 30 92
40 3 83 47 5 26 20 71 21 97 3 20 77 26 5 20 20 26 34 37 37 4 1 34 22 30 15 90 24 55 39 21 36 41 23 15 16 83 1 77 77 30 82 25 17 56 10 42 95 74 69 89 74 75 8 52 77 23 65 52 99 11 77 23 9 22 28 1 12 54 76 48 47 64 30 68 14 93 53 8 14 26 64 9 33 13 98 68 65 81 60 55 99 73 5 85 42 47 44 92
23 98 10 9 19 88 53 99 75 46 72 9 86 4 28 67 14 7 60 51 43 31 78 95 68 47 71 61 70 42 20 95 55 19 92 28 12 59 32 35 47 53 9 16 70 93 56 59 58 9 18 68 55 95 57 94 78 4 19 90 93 95 1 45 75 20 6 11 92 76 22 97 38 39 23 80 43 30 35 91 91 52 88 95 66 93 45 20 34 15 11 40 72 92 59 6 77 51 60 58
79 0 44 67 4 35 9 55 14 37 8 97 60 36 39 18 93 91 95 89 91 61 95 56 59 49 79 92 31 55 27 92 75 89 50 18 12 23 3 97 67 54 61 21 36 10 81 17 59 24 8 29 73 84 67 77 79 42 94 47 82 83 9 30 74 33 26 62 83 91 42 92 50 81 0 54 20 50 59 86 47 9 20 44 17 98 34 86 36 9 33 85 8 4 73 12 64 7 64 99
17 77 21 98 36 43 40 6 68 95 21 56 67 72 35 58 0 28 26 60 21 20 0 45 49 41 14 61 20 78 92 15 51 67 83 92 68 87 79 93 74 55 1 14 50 22 19 42 66 26 36 29 85 82 49 27 45 64 43 65 0 24 53 10 60 82 62 8 99 25 88 71 40 64 83 33 69 9 47 84 50 21 55 15 2 9 92 96 41 69 81 22 75 78 51 0 27 27 55 26
15 63 62 43 87 33 40 46 43 18 50 43 71 21 83 95 99 14 4 83 17 40 56 73 85 40 96 52 95 83 62 87 26 25 5 53 34 33 96 24 53 97 78 46 94 43 97 52 86 98 92 6 96 16 74 74 34 12 11 58 66 20 17 8 59 32 58 3 55 53 59 45 38 75 20 94 75 41 20 19 64 50 36 94 44 4 22 3 2 58 93 10 63 39 33 44 60 85 50 95
96 12 71 49 44 66 48 42 76 18 54 99 91 42 24 43 27 75 62 68 3 45 17 47 59 88 71 40 51 69 68 6 43 49 63 56 90 4 84 4 66 5 43 81 26 20 67 66 77 97 60 97 16 54 90 70 70 77 22 67 85 97 45 48 28 32 86 78 40 0 24 95 27 36 72 98 97 7 79 86 4 77 55 36 60 93 59 61 35 13 58 80 18 87 22 53 61 69 35 36
2 73 70 1 49 67 48 52 55 65 87 43 22 62 0 12 75 98 59 16 78 81 69 21 11 64 96 58 2 91 31 14 65 66 50 93 43 4 80 20 53 20 62 98 99 95 17 85 78 90 69 60 12 73 85 32 33 57 28 50 85 48 56 91 26 97 49 50 13 38 3 67 51 30 37 53 59 13 84 3 78 27 20 65 88 71 86 35 33 76 65 87 4 98 22 64 49 24 88 81
44 6 81 77 5 82 95 38 67 9 29 96 10 26 37 58 87 11 50 23 84 76 56 22 10 62 25 35 39 14 80 44 14 27 47 81 41 63 97 75 93 75 97 83 55 34 35 99 26 20 76 27 19 80 90 56 93 29 47 49 25 45 78 82 52 51 54 53 48 27 53 2 56 94 54 69 27 59 4 15 26 75 8 76 67 26 20 19 59 11 90 54 38 93 57 39 46 39 39 20
81 25 46 26 96 46 23 76 74 47 45 91 33 76 46 72 42 7 65 10 33 92 85 5 89 74 77 16 4 28 96 5 72 57 9 41 70 80 44 14 58 69 63 0 79 8 34 66 72 41 58 36 83 12 27 72 11 50 38 32 69 9 88 78 6 81 80 96 26 28 69 36 80 25 64 88 85 80 65 53 14 6 2 61 61 92 78 69 86 35 75 90 59 44 77 11 61 58 62 89
51 54 79 58 43 74 14 66 15 14 57 1 71 30 12 85 24 66 5 44 79 96 41 16 37 48 81 28 80 95 73 95 60 82 46 79 14 84 64 87 1 80 85 96 9 52 91 45 20 43 48 36 41 76 73 87 52 68 33 59 0 14 44 24 40 28 89 14 25 83 66 13 72 35 41 12 28 59 18 86 53 43 86 44 80 10 84 56 8 19 34 54 80 40 49 63 84 43 8 50
5 78 14 58 48 96 91 26 8 78 49 27 91 89 82 56 90 82 12 2 77 32 79 69 49 36 20 1 95 11 13 27 87 9 67 15 69 31 27 77 83 60 57 84 26 1 41 30 12 71 25 63 22 54 25 33 41 76 60 63 64 75 43 67 22 54 86 95 48 93 12 92 33 75 96 15 32 11 2 72 0 99 8 49 40 93 73 69 97 51 96 25 81 67 63 63 18 11 68 93
46 91 4 99 27 77 61 19 36 80 19 47 89 89 53 64 87 9 30 5 74 21 13 99 66 84 21 86 58 53 3 38 23 76 7 31 73 65 40 40 67 93 57 61 26 22 77 93 99 2 29 17 49 93 44 68 65 58 50 51 61 44 61 18 81 30 29 42 77 5 99 61 53 57 29 11 39 20 36 66 58 83 26 74 20 5 99 58 37 21 97 75 96 4 70 79 49 30 88 24
43 18 7 96 54 46 24 77 31 31 50 0 31 33 36 54 44 12 2 79 97 19 58 41 45 29 88 49 1 2 31 80 23 38 8 19 2 31 89 39 35 14 32 0 43 6 27 55 1 39 43 17 55 17 65 45 50 4 79 44 57 34 28 79 43 28 85 0 97 20 6 64 67 17 87 87 17 40 89 43 75 66 0 37 17 76 57 99 32 43 81 31 30 68 96 23 82 70 54 44
23 19 31 42 63 24 4 70 5 1 0 15 70 2 83 44 31 88 78 0 52 78 64 9 57 42 50 1 63 35 72 38 20 67 41 12 17 50 37 62 72 13 49 71 37 75 54 24 84 42 87 91 12 44 65 75 8 31 2 77 55 38 19 65 63 77 43 77 84 41 45 61 86 36 3 55 5 2 63 57 29 68 79 32 19 35 21 51 10 53 94 97 20 88 18 99 87 86 90 73
73 73 66 65 73 40 23 75 84 69 49 30 72 37 39 96 35 68 22 65 31 80 66 68 34 46 91 67 53 64 41 30 84 91 85 72 29 31 56 50 8 67 25 9 33 11 99 60 95 65 24 66 42 83 30 53 47 63 48 1 58 13 25 72 56 78 53 84 35 20 4 66 31 14 10 1 29 57 81 79 65 55 69 86 25 69 90 78 84 25 83 76 96 62 34 76 73 24 33 62
39 93 51 16 55 18 2 60 5 13 35 98 8 98 17 20 47 20 93 84 75 24 67 17 8 75 63 23 49 24 13 93 0 54 25 17 2 28 21 14 83 50 34 63 82 91 7 46 81 60 50 45 86 31 79 24 51 98 40 23 63 24 52 73 93 81 82 39 74 20 10 43 76 36 33 82 38 77 95 64 73 30 1 44 20 74 77 58 97 29 74 54 77 52 4 89 4 56 87 69
41 46 31 53 7 59 44 85 69 65 25 57 0 5 53 19 36 43 92 38 97 3 88 7 91 89 59 12 43 55 35 53 48 15 21 0 91 31 78 79 56 75 38 50 40 4 34 77 42 52 32 79 76 40 32 29 19 80 73 10 35 78 75 83 58 97 16 49 93 20 60 14 2 2 16 49 22 99 3 26 99 85 75 93 45 98 32 58 95 22 95 40 72 77 63 38 70 55 53 30
98 5 4 49 11 2 78 32 16 35 20 75 62 34 77 18 20 70 56 57 67 49 34 71 72 33 47 52 29 48 19 85 90 62 7 74 25 0 49 70 50 51 47 56 68 48 50 81 68 73 98 99 31 99 1 33 44 50 21 56 72 90 86 30 52 10 53 8 98 81 83 57 69 88 23 43 8 65 44 93 59 70 3 35 5 20 53 24 67 31 18 21 7 23 99 13 57 1 45 32
37 3 66 69 27 15 93 59 38 99 29 17 82 26 67 71 78 41 27 45 88 31 92 47 19 34 48 9 96 57 80 51 17 67 15 67 52 0 91 76 44 51 69 54 38 55 23 51 32 27 21 67 92 5 46 14 0 80 77 69 13 30 35 12 19 78 8 29 33 25 34 34 6 72 9 47 40 59 36 5 80 34 39 65 86 12 26 47 22 9 23 60 18 24 15 99 98 98 47 12
83 83 53 43 24 98 97 73 65 39 41 13 44 35 42 89 3 97 99 60 80 62 95 67 64 20 81 58 30 4 74 47 40 26 38 91 66 23 18 17 65 11 20 76 93 37 19 95 19 53 0 20 9 49 21 85 17 8 46 40 56 74 6 10 98 50 67 50 44 10 34 73 65 57 33 13 51 32 36 82 85 46 82 80 57 67 40 89 7 50 42 88 20 50 22 68 39 21 48 77
94 3 25 33 68 38 18 36 87 39 48 15 97 61 29 44 79 30 53 47 13 58 61 82 4 53 92 4 91 44 87 75 61 10 62 79 51 88 50 78 29 59 6 94 46 65 46 80 61 93 1 62 21 88 38 28 0 85 92 46 46 13 74 45 6 15 40 43 97 8 52 46 56 22 13 56 81 86 72 90 77 37 60 58 50 72 84 30 37 43 94 80 74 81 5 74 81 44 20 70
35 58 47 15 74 0 2 39 68 40 6 29 65 57 95 18 23 96 96 36 38 95 40 3 25 80 77 4 47 49 89 53 74 85 70 64 16 25 86 30 40 51 16 35 34 3 13 29 58 86 24 33 4 47 56 53 69 0 27 65 63 1 7 42 54 55 9 43 60 99 54 14 68 6 54 91 34 69 51 22 18 24 80 23 17 3 61 73 48 67 5 74 26 54 59 39 78 99 43 83
8 35 34 55 71 53 91 31 82 34 55 68 81 65 19 70 79 46 49 4 77 46 54 77 70 72 13 40 28 24 42 71 34 72 31 21 14 5 10 38 20 75 48 89 10 13 89 13 25 56 53 95 17 19 13 65 93 57 81 63 89 10 32 7 83 49 68 85 57 36 17 98 17 61 44 83 89 25 8 67 28 10 1 19 2 25 94 71 21 24 27 38 91 50 29 27 7 65 1 37
48 72 83 26 43 95 41 99 3 7 96 93 44 78 31 54 58 32 8 92 29 71 7 54 34 63 77 11 25 5 45 1 92 36 20 80 27 75 33 80 16 6 83 31 6 92 31 95 90 36 42 74 78 69 44 10 74 98 11 6 80 28 49 53 19 91 62 93 25 2 42 86 67 80 6 62 95 28 1 36 10 61 68 47 35 91 83 52 8 66 96 72 74 95 37 74 99 35 95 87
48 80 62 57 44 6 61 20 8 33 51 48 74 25 27 89 6 98 34 41 18 42 21 77 98 45 91 85 14 15 10 83 93 32 10 44 25 52 55 72 49 27 60 56 93 46 33 79 90 54 54 67 48 53 56 1 46 99 89 57 33 44 65 81 60 7 75 66 67 41 61 65 50 65 50 64 54 61 86 16 34 71 6 44 41 79 20 43 42 16 5 58 88 89 27 91 78 44 98 98
29 58 81 37 7 10 0 35 12 7 82 57 85 72 29 32 47 60 18 61 38 97 57 32 52 39 45 19 88 4 99 4 33 25 42 35 81 74 94 77 53 54 38 77 53 69 19 95 72 50 32 2 74 86 30 43 27 44 22 10 17 43 24 10 61 60 55 49 47 22 38 35 28 34 99 37 64 65 48 77 60 63 21 51 79 48 80 56 52 1 10 7 74 31 56 68 98 76 7 99
42 78 21 65 87 64 3 94 47 83 96 41 99 15 14 45 21 54 53 93 95 9 92 73 75 95 5 0 65 61 97 38 53 55 47 24 32 66 59 22 45 20 46 81 9 88 1 61 27 88 36 49 19 31 38 28 24 44 42 85 83 85 84 80 0 76 70 75 76 50 17 56 67 56 99 70 47 29 90 54 85 50 73 25 7 32 63 6 36 68 47 80 51 93 16 60 92 95 92 23
14 16 87 51 79 19 80 8 40 55 74 84 25 48 28 79 34 63 30 12 51 28 47 88 96 91 29 11 89 45 89 2 95 71 53 50 99 26 64 72 16 57 24 74 27 72 30 76 28 9 97 16 37 1 9 59 58 32 92 32 15 71 98 37 53 43 60 44 52 32 74 53 20 50 33 97 97 92 5 97 65 52 10 68 49 2 27 94 18 62 56 13 83 71 83 75 34 6 84 87
5 44 78 12 99 94 67 61 1 11 78 18 53 94 58 86 26 84 38 55 95 97 17 77 15 37 87 83 6 90 62 43 53 37 9 53 11 71 31 51 29 71 57 56 88 14 53 65 19 3 67 70 74 36 53 57 31 60 18 17 93 56 24 5 58 84 55 57 33 42 66 20 30 46 12 24 84 72 4 52 15 87 91 72 33 78 5 85 55 12 59 56 94 53 54 28 64 16 13 34
18 4 62 35 75 59 44 80 62 96 79 24 15 56 25 59 86 53 44 8 7 31 58 33 15 43 87 63 22 59 72 72 85 52 26 57 0 83 85 48 1 2 53 68 82 6 12 59 29 9 2 42 57 56 50 6 3 11 95 4 88 97 26 24 32 88 10 53 39 31 18 72 53 33 32 45 19 0 29 9 74 99 68 58 96 70 69 40 75 8 83 80 91 94 70 30 82 21 15 34
10 40 6 36 69 23 88 77 41 46 70 6 53 27 82 42 81 91 49 50 62 92 92 26 99 35 62 70 77 99 66 43 52 0 67 47 95 1 56 24 13 97 60 61 81 16 74 66 66 53 32 84 37 63 8 64 19 87 80 80 98 93 5 3 71 79 15 44 94 33 5 48 68 85 22 55 31 52 84 87 34 77 53 93 19 35 50 50 96 10 71 17 38 29 25 82 34 2 33 97
82 51 8 94 25 45 33 86 96 48 89 3 35 68 90 8 60 4 26 25 23 85 95 44 86 93 99 54 53 29 47 52 38 91 79 20 93 88 72 7 43 0 33 38 6 82 74 67 28 20 60 49 26 81 61 66 45 78 17 96 86 95 2 14 30 18 34 66 0 44 80 83 40 41 61 18 92 12 54 52 11 27 13 20 23 84 59 1 30 76 67 38 87 18 17 42 94 13 26 70
38 96 74 32 77 69 93 24 49 91 63 35 80 97 59 6 13 55 33 91 76 40 97 36 8 24 7 51 67 12 38 77 48 63 22 7 2 94 90 21 49 64 36 80 24 47 55 39 29 8 80 69 21 0 77 21 60 96 1 59 24 39 25 46 42 1 97 40 81 15 46 71 84 33 8 20 26 61 92 74 93 97 52 78 39 23 6 55 1 1 60 33 91 79 35 51 93 31 43 62
68 41 36 17 0 40 18 47 63 53 9 77 64 87 0 37 88 44 11 56 15 24 52 72 79 72 13 92 54 69 1 75 31 40 7 23 90 25 90 94 64 71 13 58 97 3 98 69 73 8 15 46 16 10 2 35 47 16 97 66 89 94 0 41 96 28 95 42 25 65 8 83 84 6 72 18 3 72 47 76 10 33 6 94 80 27 75 64 72 74 76 2 13 10 86 56 54 72 76 99
58 45 56 52 98 45 96 29 36 69 22 74 54 3 41 91 53 40 78 53 99 62 78 5 13 45 35 70 76 99 59 69 6 6 79 65 12 36 59 34 98 6 17 44 94 82 87 28 40 80 8 10 85 7 42 43 14 78 59 19 45 33 59 50 50 43 60 21 36 43 29 66 25 30 38 61 27 18 68 48 27 97 36 30 7 13 1 65 66 89 83 79 14 49 92 36 70 25 91 40
22 94 2 38 55 55 61 93 46 19 95 12 39 74 20 50 78 86 26 87 78 59 59 97 29 59 36 12 22 46 98 28 74 53 74 5 90 73 64 34 39 77 53 69 81 98 93 41 90 66 78 33 58 78 77 2 67 86 8 50 30 24 25 50 5 39 6 69 76 39 65 40 9 54 77 17 0 44 16 30 69 3 76 44 14 7 46 45 98 4 38 25 83 25 40 33 62 47 41 13
74 93 23 71 94 90 98 2 66 86 80 90 63 6 42 38 92 74 50 59 14 50 94 76 86 19 7 17 79 81 9 87 30 34 12 92 7 0 53 48 73 42 96 75 88 1 5 50 22 59 94 64 10 86 55 26 90 89 92 13 9 49 30 55 71 62 9 54 41 98 25 76 68 68 44 79 56 32 17 65 72 64 49 38 89 80 42 59 24 43 11 53 13 96 22 17 1 74 23 58
42 84 7 42 25 50 87 14 43 73 3 27 25 77 16 39 98 91 17 79 8 89 81 4 22 8 73 23 60 85 14 47 23 98 50 41 74 75 61 92 32 95 73 12 73 47 17 26 34 64 15 39 37 1 14 26 21 15 90 95 99 8 25 50 19 22 93 26 66 96 14 8 37 12 55 15 98 85 53 4 64 34 30 76 64 62 2 86 3 67 94 62 55 85 88 50 80 37 20 43
10 90 33 94 51 63 38 83 64 21 89 92 69 62 6 8 41 99 40 15 79 93 56 83 38 78 48 81 14 58 64 47 21 8 92 85 93 23 71 15 94 42 53 33 51 31 12 77 55 77 53 54 83 41 52 77 70 54 75 12 98 74 52 57 5 12 94 7 36 38 17 66 40 91 42 68 84 37 77 84 21 53 72 6 70 39 72 65 51 73 87 21 18 58 35 35 95 56 64 31
85 7 32 41 43 74 42 89 3 6 38 83 33 71 89 78 35 6 82 38 32 86 64 9 67 65 29 39 77 39 77 48 14 8 78 12 72 64 88 88 85 39 89 21 92 23 75 89 13 68 73 68 14 53 92 88 77 41 98 42 68 80 20 83 63 34 62 39 62 69 30 82 50 40 80 13 89 32 89 99 52 15 56 41 85 32 91 4 9 63 28 76 82 91 53 91 96 85 24 4
4 85 71 41 85 25 52 0 56 23 92 85 21 58 96 1 46 21 63 67 93 44 76 10 28 80 46 71 83 25 70 93 61 47 18 57 77 60 58 21 48 22 31 34 88 53 64 45 38 95 47 91 80 13 90 14 62 40 76 25 20 44 41 58 28 61 47 4 1 56 79 29 16 99 37 11 23 3 4 98 74 87 3 52 49 20 23 73 54 44 32 43 45 46 76 76 9 13 97 87
78 24 14 92 94 38 88 71 16 20 68 7 37 29 41 59 6 74 23 2 29 70 42 2 24 13 10 39 74 87 63 88 57 50 36 7 36 94 82 6 41 49 82 74 50 24 57 50 42 91 43 16 80 89 85 92 71 8 53 59 95 71 77 76 36 7 45 38 50 80 54 92 3 4 71 45 87 72 75 25 2 94 80 92 23 19 62 88 34 3 89 28 70 74 2 96 60 98 20 18
32 22 54 30 23 67 7 89 94 6 80 46 78 88 57 50 55 46 4 18 95 69 90 77 81 85 51 24 19 26 15 63 35 48 88 72 63 48 72 23 3 17 89 74 56 56 91 36 95 47 25 26 65 86 5 60 4 77 9 65 29 82 59 26 85 8 95 71 17 68 9 12 36 42 54 13 41 29 10 16 67 91 79 44 52 32 60 12 88 72 52 90 22 3 3 39 79 26 36 54
75 23 27 22 60 12 78 68 75 24 80 6 64 77 19 7 79 46 40 30 6 50 25 29 85 12 68 65 63 65 7 32 26 8 74 6 72 40 88 47 17 45 47 62 99 9 54 75 8 11 81 17 93 40 98 65 35 48 65 97 9 16 3 65 64 50 57 53 52 87 23 1 67 66 64 95 53 64 72 64 94 61 12 27 67 65 49 49 55 69 73 79 2 76 89 80 86 10 57 93
41 39 32 29 23 15 50 17 23 29 40 5 17 68 33 12 69 63 59 96 7 39 20 5 50 95 5 57 32 93 73 53 42 97 10 71 97 73 83 81 19 27 90 39 4 89 68 77 74 1 21 46 15 45 79 65 5 46 89 49 73 20 90 21 65 33 59 66 1 70 19 96 62 85 94 17 31 66 70 4 38 70 50 30 0 98 85 90 1 26 96 52 90 67 40 15 97 86 2 17
62 69 7 44 9 1 75 33 22 27 4 29 90 62 66 60 36 69 39 1 19 52 55 88 81 26 24 15 4 38 22 56 98 52 59 71 24 30 86 28 74 24 80 62 15 52 99 88 16 67 68 11 88 94 49 12 39 52 23 60 26 92 90 81 10 71 16 11 51 64 1 65 11 75 32 3 11 19 52 83 34 18 8 54 80 18 86 43 8 17 10 37 72 36 45 54 72 36 62 7
72 54 7 61 46 51 28 59 6 7 17 15 80 44 39 41 83 69 42 75 56 74 40 28 41 38 63 55 29 16 47 0 25 1 6 45 73 27 50 67 19 70 28 74 17 19 16 13 80 30 64 35 47 47 93 77 92 86 12 2 5 19 90 93 61 15 69 22 82 95 67 4 43 74 57 71 47 93 1 90 21 47 23 33 53 15 48 88 40 33 32 33 89 25 27 61 34 99 0 21
76 4 49 19 40 99 54 74 49 98 72 28 56 47 9 38 7 82 2 88 34 29 18 54 51 37 24 93 51 10 10 9 75 12 16 2 68 59 28 34 49 38 21 90 79 33 22 83 48 17 44 87 7 58 76 54 76 63 9 64 55 34 82 39 37 94 71 42 9 47 94 9 18 14 81 35 2 49 44 49 12 96 36 90 54 53 64 9 56 20 1 43 19 0 43 3 71 62 38 1
54 63 39 54 28 73 52 25 15 22 18 99 36 41 98 79 60 60 30 69 66 16 78 92 97 91 59 53 84 16 12 20 80 67 12 55 34 43 71 48 7 0 47 79 19 98 39 51 95 30 75 89 40 82 52 97 12 69 26 29 34 10 54 83 89 26 37 8 18 68 27 39 13 71 35 9 61 23 46 57 5 95 62 12 73 83 46 14 44 30 30 45 0 96 9 38 7 54 81 6
53 52 89 55 30 47 13 47 69 62 95 22 6 72 66 49 77 23 91 4 35 55 98 61 41 55 90 31 39 6 40 26 15 34 26 94 87 50 16 40 20 23 10 34 0 58 46 65 99 15 63 99 33 71 68 9 63 38 87 68 37 51 64 91 30 76 42 15 6 27 42 3 78 43 2 79 96 49 1 76 36 34 48 14 21 76 99 24 24 70 34 44 39 96 6 7 7 31 97 25
93 60 44 21 84 30 19 71 22 47 66 16 29 38 6 14 52 25 44 89 21 43 8 32 96 86 70 90 91 18 10 38 29 75 61 37 93 4 20 28 20 37 30 61 1 73 23 49 18 35 45 21 58 4 72 13 28 86 38 57 69 82 54 21 15 80 47 89 86 1 43 8 39 73 4 99 16 90 28 66 71 17 44 41 40 13 69 40 32 85 79 93 27 19 73 27 93 50 74 9
91 14 47 67 75 1 29 89 81 52 60 17 19 20 8 10 39 98 25 15 71 52 27 55 50 99 61 39 70 38 7 80 28 7 39 55 9 93 81 78 30 29 4 6 30 86 60 32 75 94 52 72 45 40 34 80 89 93 98 27 48 94 93 52 18 78 3 0 77 20 82 91 72 65 95 7 88 14 98 69 80 94 7 34 79 33 37 42 80 60 32 72 35 64 59 85 55 22 38 72
56 29 11 89 39 45 72 31 45 6 52 89 60 94 13 70 95 67 22 95 50 47 44 70 51 30 36 98 0 4 81 67 7 41 82 23 69 29 77 30 95 32 48 73 48 22 25 71 49 34 28 22 43 48 10 43 82 60 81 92 20 57 80 46 20 10 98 8 64 41 57 80 10 22 8 53 34 33 62 37 4 26 87 5 47 52 35 57 35 83 44 65 22 69 86 72 47 85 43 57
8 27 43 44 70 25 41 66 49 36 29 66 93 22 1 97 93 59 35 42 45 0 82 28 95 48 81 76 49 90 46 34 0 11 60 87 14 90 62 37 4 34 77 19 76 67 68 59 93 84 96 25 18 15 41 67 3 68 65 50 35 11 72 80 3 3 14 13 37 73 30 13 91 29 78 60 24 68 2 5 99 7 19 40 21 20 70 82 55 68 90 88 79 7 84 53 37 35 34 42
46 73 44 41 31 25 18 91 37 64 53 82 34 0 83 50 53 68 80 92 76 35 0 8 85 84 81 72 11 8 91 91 84 88 36 37 52 28 74 43 68 0 36 1 69 2 10 43 82 31 64 62 53 97 30 37 8 13 1 99 96 63 82 84 45 13 10 61 51 92 5 42 0 11 36 13 28 31 0 8 63 0 92 43 66 58 40 37 2 86 31 73 2 40 93 70 11 7 76 76
31 1 12 15 63 36 2 17 59 5 79 69 0 88 37 67 3 75 1 90 1 37 14 14 71 90 87 22 89 22 82 87 59 15 92 59 58 22 11 32 69 11 49 19 96 7 2 56 83 46 24 1 79 74 45 44 41 81 94 39 63 95 25 53 98 82 15 94 45 37 40 57 53 60 35 8 96 61 61 33 90 94 22 0 97 80 79 84 30 59 20 95 96 18 96 7 5 76 68 4
6 82 99 32 36 27 31 52 95 74 44 60 14 8 28 84 16 85 94 38 21 93 88 70 90 55 36 49 67 87 76 37 52 2 74 63 29 66 26 15 57 63 11 9 23 28 73 57 25 66 92 81 94 19 56 15 1 53 27 97 9 31 7 22 39 30 15 94 57 31 6 36 33 70 89 46 47 25 69 64 68 30 16 52 85 95 51 20 32 63 61 2 16 22 57 97 37 0 47 28
68 54 8 22 3 11 35 69 95 55 58 76 55 13 61 27 6 62 90 68 41 56 1 68 34 23 82 42 88 72 60 82 65 83 51 94 20 99 73 42 37 37 68 6 4 17 93 6 92 22 88 25 34 93 21 86 49 42 84 17 28 95 6 48 83 72 72 35 46 69 32 68 20 51 83 8 27 75 30 48 73 30 17 32 42 20 66 13 77 41 83 32 36 37 70 24 0 31 49 86
30 7 52 94 39 45 59 14 27 58 47 15 20 46 43 58 41 89 34 26 39 9 43 55 24 94 14 1 4 7 9 43 91 55 82 16 6 96 14 80 13 90 73 80 30 45 80 73 51 7 25 80 54 0 86 48 94 3 1 66 10 3 69 76 62 61 16 12 28 87 89 30 47 95 55 55 16 80 99 20 68 42 45 65 97 20 67 8 24 79 74 90 74 39 75 65 98 47 90 66
90 58 78 57 26 48 10 18 13 14 74 73 92 60 73 17 2 96 67 18 3 74 26 17 87 6 25 55 34 97 5 51 49 75 30 52 53 81 13 58 73 32 62 90 54 25 61 68 29 2 69 62 15 60 34 93 75 15 58 74 70 68 97 65 29 47 35 13 61 40 76 45 51 74 89 13 31 8 51 65 65 19 73 80 16 32 84 48 34 81 64 14 7 44 0 42 70 34 90 94
44 36 56 25 16 6 98 42 91 21 69 64 63 13 75 67 78 52 54 52 63 69 17 69 43 75 46 92 85 98 67 76 37 82 38 22 95 35 74 40 25 64 3 19 16 99 99 26 68 51 93 71 91 38 75 13 95 52 21 90 33 95 14 80 64 83 44 86 45 92 45 42 25 71 12 62 55 74 9 65 25 75 64 29 32 74 37 77 30 11 54 87 22 11 50 91 47 55 0 24
61 60 1 7 56 70 85 74 50 95 82 36 15 24 78 6 51 4 48 13 7 88 61 10 76 87 30 10 45 81 4 76 47 80 90 43 22 77 37 59 55 86 79 63 10 59 28 35 22 25 65 67 50 50 64 28 12 25 64 69 81 93 89 25 23 2 35 30 0 36 31 76 18 90 45 97 17 36 98 30 86 65 11 91 58 1 9 11 86 51 90 57 73 95 0 23 71 54 44 58
92 35 69 88 87 65 68 74 32 44 7 86 0 65 69 44 0 33 20 33 25 63 2 67 33 87 2 46 9 66 64 84 78 82 62 15 43 67 79 25 78 68 65 95 64 14 7 38 36 73 8 42 47 41 0 25 97 90 14 35 18 55 12 92 51 28 83 58 20 91 75 13 97 37 59 57 87 93 83 50 79 55 28 7 20 46 17 70 39 78 19 39 29 11 46 18 1 24 53 24
17 59 59 33 37 35 47 26 58 23 86 20 79 6 28 9 83 61 48 93 99 60 66 32 85 43 29 89 54 80 52 18 27 26 35 30 11 99 77 77 42 48 68 50 7 19 95 9 62 22 45 46 89 51 44 95 62 17 90 89 18 24 7 67 85 12 94 98 65 32 15 43 95 19 7 83 69 95 31 64 50 65 72 11 27 75 84 37 96 19 59 11 70 72 32 73 3 75 2 53
39 22 39 93 13 0 78 62 51 30 40 42 43 64 45 73 67 66 42 80 23 60 34 14 35 32 57 39 31 14 85 65 58 37 93 15 45 58 8 20 46 91 68 54 94 91 77 11 17 69 74 56 76 47 30 98 39 3 57 96 46 80 53 43 93 74 41 70 80 73 15 26 17 22 87 95 98 81 94 63 34 48 79 40 9 50 77 37 59 51 9 94 10 81 43 47 95 95 62 5
3 8 49 37 67 72 42 30 50 96 89 82 85 72 11 4 34 26 17 68 73 15 23 71 60 59 26 97 21 62 81 73 37 42 80 38 34 63 1 78 94 88 83 80 20 82 69 90 66 74 8 65 88 13 12 68 22 45 52 31 63 7 14 47 6 30 67 31 30 82 51 8 56 85 65 77 97 92 7 77 70 27 59 79 60 53 90 76 2 38 0 61 47 1 26 35 23 30 87 18
70 11 68 79 40 15 54 67 71 97 52 16 36 61 50 27 35 47 3 94 41 66 41 29 64 60 17 42 40 51 59 58 66 3 34 86 99 49 49 58 16 27 72 31 73 85 74 13 63 98 22 69 64 49 5 16 37 83 25 40 20 66 86 97 13 79 76 69 92 74 62 22 17 11 28 3 8 51 75 40 39 45 11 55 96 16 17 19 29 57 86 24 41 74 8 34 1 18 73 40
63 44 33 22 40 81 76 78 80 0 23 44 43 62 30 47 32 65 24 45 25 69 18 88 84 14 10 74 43 41 31 42 62 52 93 15 77 40 58 32 57 53 2 42 23 94 91 37 66 70 41 68 14 87 96 85 33 71 37 12 82 85 89 12 21 31 30 47 76 11 86 93 16 31 64 37 86 11 14 20 4 37 81 35 25 8 19 59 41 73 11 59 19 74 94 34 63 53 22 72
12 73 31 15 2 83 88 91 98 44 48 88 97 90 11 59 16 7 9 42 57 79 16 0 19 40 55 94 62 9 65 11 65 60 76 62 93 36 34 83 80 35 34 55 35 89 99 25 91 95 90 20 86 11 94 37 74 60 66 13 43 17 52 7 99 61 97 17 61 50 40 18 66 26 78 18 46 12 0 81 47 13 99 69 55 50 67 75 93 27 46 16 6 99 61 54 68 62 20 69
59 88 52 84 83 28 73 99 0 15 2 39 58 60 57 48 48 13 19 25 89 66 49 38 24 88 57 63 95 13 74 48 97 3 37 48 96 61 49 38 73 27 44 47 30 71 18 94 8 59 90 32 68 50 83 54 98 91 93 24 30 18 74 41 12 47 67 23 45 75 54 68 49 90 36 81 16 61 39 58 69 98 45 42 63 12 23 17 47 55 62 25 22 42 95 57 79 53 49 42
30 29 54 38 58 80 74 96 5 15 96 50 92 80 7 0 68 59 28 93 43 23 7 71 81 75 95 17 57 20 88 87 33 6 15 19 48 52 28 95 98 11 99 18 11 79 88 6 46 7 63 82 14 80 1 24 25 10 0 70 27 28 2 36 10 64 43 17 78 51 83 54 25 38 5 65 85 62 60 7 2 6 20 68 34 12 2 67 29 76 70 50 36 97 53 45 62 32 35 44
20 94 62 40 55 70 66 17 28 62 63 3 45 98 58 34 27 63 44 66 30 98 93 95 67 55 70 98 46 94 79 8 4 16 4 24 28 0 37 65 9 78 80 67 81 42 66 96 97 59 9 0 5 44 77 55 2 60 93 98 49 70 87 91 62 94 31 61 13 90 82 41 67 45 20 16 99 88 46 27 54 66 32 8 68 27 26 73 95 89 1 9 65 74 90 20 9 82 15 6
67 99 80 96 57 49 41 96 42 78 34 20 68 88 22 88 54 65 40 66 34 81 65 48 20 90 17 6 53 66 2 93 6 3 52 63 14 78 82 0 69 28 68 30 8 53 53 83 63 36 39 84 23 83 76 23 70 90 11 75 43 81 67 80 59 24 47 8 16 24 33 37 2 25 33 4 42 35 44 26 67 73 46 42 74 29 13 57 80 13 62 85 58 80 98 48 94 41 27 19
43 41 11 20 65 77 89 2 85 42 5 46 68 2 5 55 71 6 2 95 80 87 99 56 76 69 1 99 72 70 55 82 77 86 42 24 32 87 18 32 95 79 32 80 76 3 65 43 81 2 91 78 53 32 41 22 61 25 2 98 37 29 52 96 67 39 75 21 30 99 4 61 1 33 10 66 70 32 83 11 10 25 96 90 75 34 47 23 78 98 28 41 45 42 65 29 1 56 36 74
22 44 19 1 54 16 18 65 22 20 85 25 42 68 10 32 55 36 51 34 57 92 51 81 47 93 28 2 52 60 92 76 63 41 7 21 96 19 15 36 22 85 2 15 31 37 98 1 77 30 87 17 22 35 68 90 1 16 15 98 67 59 45 63 88 59 98 98 28 64 13 26 67 21 10 28 12 35 80 52 69 32 86 94 55 74 53 11 34 63 99 18 19 71 9 77 24 37 15 12
7 40 49 97 50 46 95 84 94 26 3 30 59 69 96 25 47 11 3 27 75 22 25 2 19 6 43 91 35 88 72 89 24 98 15 93 84 31 77 43 92 30 49 98 95 9 6 55 29 82 95 6 31 27 46 64 70 82 27 60 27 69 45 39 62 5 20 90 24 24 75 21 2 19 57 57 88 76 65 99 76 85 9 52 0 80 23 83 97 26 81 4 86 63 43 30 70 46 84 71
23 58 69 33 82 39 5 44 38 37 61 58 13 58 94 48 73 18 71 43 83 68 97 67 18 30 99 80 56 72 58 9 13 37 32 51 45 91 72 24 11 16 42 17 97 3 5 85 76 92 41 46 21 95 66 10 79 69 45 3 83 73 29 12 42 38 69 87 42 9 39 65 74 9 53 75 9 98 73 64 81 50 81 69 75 98 83 39 81 92 80 31 27 3 79 45 80 97 51 70
86 47 64 36 64 76 13 64 5 92 82 52 69 7 8 73 49 79 13 56 21 4 45 13 73 24 58 41 56 93 62 79 25 28 43 95 92 59 90 54 30 34 75 1 50 72 90 69 45 23 6 83 80 30 60 14 85 85 80 15 60 49 23 89 92 12 53 18 73 86 62 78 80 54 7 31 53 38 62 22 86 3 61 63 21 14 17 20 55 81 14 52 74 77 7 92 61 84 92 6
26 89 98 13 55 2 73 98 28 53 84 83 89 38 44 21 16 87 34 58 37 82 72 35 29 11 87 33 61 91 56 95 13 1 39 91 30 18 24 54 55 59 36 89 90 5 85 86 29 51 60 44 64 45 11 65 30 52 73 62 21 10 93 99 81 77 92 4 24 19 22 52 46 2 90 5 55 83 69 63 33 64 37 38 24 82 28 81 32 19 18 60 91 49 77 22 66 59 23 0
54 79 68 49 98 79 39 92 81 59 15 97 7 28 80 41 82 9 91 99 90 66 19 76 10 38 73 5 46 80 13 43 93 15 29 79 90 24 59 49 17 71 75 24 17 0 28 41 86 60 1 21 35 32 49 91 46 37 49 71 73 75 93 79 71 67 27 23 98 92 7 30 87 73 88 22 73 46 93 5 81 45 43 46 67 70 26 46 63 49 16 28 7 6 99 3 71 70 6 72
39 57 55 57 93 97 39 64 58 83 31 43 59 83 63 56 28 15 16 78 94 2 50 2 31 57 58 50 36 31 88 75 7 37 70 2 44 46 83 88 98 7 64 66 45 35 95 33 43 70 16 87 43 28 39 99 83 31 54 19 20 45 25 55 45 13 84 16 82 25 8 16 85 87 53 63 61 65 53 47 79 38 86 21 31 16 2 3 27 96 64 35 16 51 70 86 2 30 87 56
73 54 27 30 45 18 60 83 40 42 79 89 97 45 91 11 65 57 67 73 92 47 54 54 11 73 85 90 89 49 62 84 81 73 90 73 71 45 67 21 49 27 85 19 7 31 91 6 48 62 24 80 44 51 68 40 31 76 81 5 92 11 97 60 43 85 16 88 23 6 76 8 32 74 94 4 11 15 21 79 74 13 32 81 68 41 5 14 17 4 25 57 54 81 91 13 52 63 69 35
83 73 56 69 34 87 66 74 48 49 27 94 59 45 88 50 6 49 42 52 93 31 58 85 84 81 1 91 12 7 57 31 22 73 77 23 42 79 66 99 75 9 38 31 14 84 24 34 42 64 7 29 20 9 18 21 24 62 33 0 46 82 30 37 6 53 91 93 64 2 68 9 85 89 52 14 67 53 53 74 74 45 55 94 97 63 53 8 61 17 17 11 83 77 30 98 65 40 65 3
