100
57 91 48 62 61 52 32 2 42 45 51 21 26 36 89 66 56 79 48 13 88 77 60 82 72 43 15 2 74 91 78 71 79 24 78 20 77 20 88 60 56 64 20 9 24 31 51 97 28 6 25 79 3 93 70 36 89 50 45 76 26 75 88 46 20 87 67 74 51 73 4 89 7 59 63 60 92 54 43 6 62 17 15 27 23 21 77 13 37 42 12 56 49 43 2 97 9 74 84 67
54 84 24 73 35 12 68 29 46 89 72 33 95 17 52 35 9 99 78 52 78 11 55 73 97 52 9 77 52 43 33 65 86 15 72 97 75 88 52 77 21 36 71 81 77 52 62 84 20 72 97 39 6 93 79 39 61 85 92 89 27 22 79 5 70 14 69 75 55 3 20 54 27 71 6 24 86 55 87 35 99 37 2 90 7 51 88 13 81 16 66 66 64 4 40 60 65 22 98 18
25 43 59 34 46 90 76 7 47 19 98 61 76 25 66 6 73 11 64 23 82 88 2 54 62 49 35 43 50 92 47 72 20 20 9 66 84 59 46 71 17 55 28 95 5 61 71 50 73 70 1 37 41 50 50 81 56 34 29 78 61 37 43 27 90 33 40 97 7 11 34 40 41 84 23 79 58 73 38 92 52 17 75 84 97 6 37 46 1 34 61 12 95 89 94 68 25 34 70 52
19 50 14 4 12 1 33 65 57 86 6 50 93 54 96 42 39 16 91 50 83 73 59 4 26 58 98 31 1 46 51 98 14 85 94 44 56 80 58 20 26 17 10 30 12 77 61 25 83 64 49 44 88 95 71 95 85 66 90 29 73 84 22 5 33 29 7 51 9 49 53 36 58 1 9 21 19 63 81 28 13 78 64 72 80 4 82 39 57 52 81 79 71 29 12 30 7 99 0 1
2 36 14 29 51 19 32 71 0 17 51 35 9 96 68 22 61 13 11 83 25 46 95 30 62 64 66 67 10 56 38 92 99 35 81 9 5 66 9 43 21 6 36 87 56 18 77 85 52 50 96 4 97 81 26 60 82 61 47 65 58 76 63 75 37 48 45 43 0 67 61 37 33 59 63 53 36 94 73 64 63 59 78 95 25 13 98 22 46 99 59 17 7 96 24 19 20 93 98 51
98 51 40 5 42 30 96 77 81 77 43 58 65 47 91 3 98 24 86 97 88 67 65 36 48 22 66 19 59 81 3 72 50 12 48 50 56 69 62 47 85 26 66 71 12 82 94 62 92 74 6 1 83 98 80 0 74 64 58 65 72 0 88 95 64 82 89 84 74 67 86 94 3 11 50 94 32 70 10 90 51 23 65 33 34 2 45 99 92 98 84 3 48 89 39 31 98 63 75 75
74 35 77 74 0 44 37 67 84 99 66 16 5 36 21 44 31 33 97 44 99 42 27 99 71 30 23 71 25 34 31 87 10 24 65 38 26 44 5 57 96 34 42 76 56 54 79 28 53 62 37 94 67 96 0 26 29 56 50 22 50 96 94 75 51 47 64 13 14 71 55 35 62 19 89 4 16 56 34 59 4 72 1 76 24 92 52 53 22 78 52 7 51 95 21 29 41 48 15 28
97 59 18 36 13 28 49 18 2 70 27 35 24 36 7 83 67 14 12 68 13 33 3 86 7 54 69 37 11 8 62 44 37 20 76 89 34 56 20 0 36 31 82 30 80 78 68 68 81 28 4 72 25 87 74 77 68 29 8 27 27 38 34 32 94 35 25 16 70 31 25 56 83 41 0 77 77 44 82 67 85 12 86 93 66 89 56 63 19 3 67 14 49 17 68 37 6 72 96 54
3 6 52 30 3 82 38 7 10 63 63 13 96 42 90 72 47 87 85 48 93 82 57 97 52 38 93 30 44 18 15 44 25 99 41 51 24 60 79 94 33 14 66 62 0 80 62 80 55 65 65 86 64 19 5 0 86 77 85 49 29 29 13 11 31 97 31 23 73 16 85 71 88 32 60 62 6 0 84 93 45 44 18 79 32 78 40 8 60 83 26 24 22 85 7 26 71 0 78 17
35 51 69 65 23 65 97 77 12 26 4 12 13 9 85 80 23 29 23 78 47 79 36 27 57 94 1 51 90 17 70 18 60 47 41 40 43 47 94 92 35 65 16 62 17 34 21 85 42 47 21 55 62 15 96 64 39 90 37 45 89 64 86 2 89 91 87 98 31 97 27 71 72 71 36 24 59 62 0 11 19 44 73 37 50 26 99 84 69 29 58 94 66 45 11 81 46 37 63 89
36 27 45 97 37 54 91 94 97 70 34 86 19 69 88 41 1 72 21 73 73 36 5 48 19 46 2 12 29 66 38 90 0 79 18 29 93 11 7 13 82 16 78 90 95 75 86 6 29 60 70 21 15 51 1 12 31 10 52 87 83 58 43 67 96 5 42 0 18 36 75 60 93 8 65 98 94 65 52 18 0 76 0 5 90 69 7 41 21 50 92 20 14 32 96 22 38 4 17 2
87 74 57 21 92 80 59 47 34 69 96 33 58 88 30 48 38 3 36 53 17 71 31 84 38 81 32 54 27 27 94 44 29 16 70 50 18 94 96 67 67 37 46 70 89 22 20 12 75 80 41 45 23 22 95 85 37 0 48 36 5 3 5 92 33 55 49 48 85 21 65 65 94 46 26 69 4 20 89 59 76 85 72 49 75 26 21 0 27 23 6 83 99 39 69 40 22 59 70 31
51 86 53 21 80 90 40 13 40 93 9 74 11 75 2 17 20 67 53 42 37 70 97 15 68 16 23 1 72 86 48 97 88 92 98 45 43 93 39 5 56 9 46 81 90 43 72 74 28 12 73 77 52 42 4 84 13 83 94 96 3 28 60 44 54 8 26 54 84 68 49 42 24 72 66 59 8 95 26 83 45 79 60 85 43 58 93 52 68 79 87 57 76 71 72 69 54 23 44 18
54 32 88 80 66 22 0 20 45 50 59 14 96 64 46 26 28 76 52 95 19 58 5 50 0 23 4 38 43 40 27 71 18 2 76 0 6 88 67 26 90 44 9 76 79 30 3 37 17 57 25 73 47 95 9 90 75 66 75 76 85 7 66 20 68 68 94 37 92 76 75 17 2 64 41 25 14 7 33 71 39 88 32 62 65 55 20 86 62 0 56 85 92 74 50 19 37 70 79 98
86 87 41 14 16 3 25 71 56 1 4 65 31 72 61 72 41 58 11 28 90 37 99 89 13 42 72 33 63 37 52 62 53 51 72 91 11 57 0 44 56 83 93 90 13 83 7 49 57 93 49 6 86 93 0 58 45 81 77 95 98 22 27 12 0 30 19 96 91 92 38 79 8 92 36 29 27 52 16 77 78 84 5 41 25 50 8 68 8 23 91 45 81 68 44 92 25 17 80 52
47 50 24 8 50 84 96 7 62 86 15 15 75 82 63 79 32 14 33 73 12 11 22 67 13 43 46 81 7 26 70 84 36 60 28 48 65 54 14 41 18 1 35 83 6 86 82 82 56 98 83 4 63 39 75 16 1 45 19 86 44 33 99 39 55 66 28 66 60 80 28 27 14 69 50 41 70 34 41 52 21 89 30 55 49 76 80 11 25 18 79 0 60 52 41 48 65 29 35 67
66 19 46 22 35 51 52 89 59 38 72 64 14 90 10 37 37 94 30 6 48 70 59 26 95 78 94 6 82 4 96 56 74 34 63 74 22 3 63 5 80 29 85 57 6 28 25 88 31 36 73 38 18 85 2 7 65 35 24 72 38 77 68 6 41 91 89 51 73 22 71 14 56 34 67 61 49 10 9 12 52 0 78 68 40 63 64 73 48 71 11 92 36 35 2 52 50 23 12 94
32 46 71 52 36 26 10 45 87 53 45 57 87 55 51 51 37 52 0 75 84 18 86 36 13 34 43 7 58 12 39 48 32 28 76 59 65 35 73 19 5 23 55 82 7 27 52 30 68 19 57 85 45 0 17 27 61 83 5 26 66 39 92 5 63 24 42 13 0 48 63 1 40 22 54 6 28 39 8 27 70 86 80 51 47 60 5 82 70 61 36 9 90 97 38 58 52 14 53 80
78 1 26 32 58 17 49 44 61 96 44 39 70 13 69 77 22 3 27 2 60 73 32 11 62 80 74 6 15 17 22 66 93 10 90 9 86 94 97 8 78 54 33 6 43 90 7 30 39 69 34 23 47 2 28 44 54 26 14 10 74 84 42 82 9 1 86 9 74 9 45 59 39 21 40 39 9 76 86 54 47 91 43 12 59 22 94 74 52 20 87 54 99 44 64 33 84 88 99 40
11 54 5 56 98 56 32 64 4 58 80 31 51 6 63 37 28 9 49 88 34 0 92 15 4 48 17 64 69 1 46 14 20 84 39 71 66 21 70 97 66 10 0 6 72 89 47 52 70 56 93 16 92 89 99 44 1 0 40 18 89 20 12 4 38 38 69 97 56 86 33 80 83 95 16 49 67 0 19 92 17 54 97 40 78 79 7 63 50 91 72 44 24 59 15 85 45 88 6 34
98 70 66 33 98 95 11 31 45 54 89 11 78 88 58 53 84 20 78 10 31 48 46 33 20 84 84 79 91 10 7 42 23 27 57 65 14 97 60 24 5 33 66 35 83 61 81 25 46 50 61 48 30 47 55 50 11 29 98 56 63 16 30 76 63 0 31 95 42 97 74 4 86 80 7 80 86 24 74 49 73 54 13 52 46 80 11 71 60 14 94 64 62 57 50 0 88 31 75 20
19 49 88 51 47 84 52 2 63 13 50 14 5 42 68 60 4 72 64 12 62 33 48 69 73 30 58 29 32 66 61 70 9 49 81 7 32 36 86 6 6 60 91 8 82 50 54 40 0 70 68 40 85 67 11 40 76 70 84 72 95 69 61 4 71 15 11 82 90 63 87 86 32 83 58 76 18 46 60 79 96 91 85 3 92 71 52 85 5 53 47 54 62 55 60 26 81 8 68 28
29 73 25 93 20 60 18 49 11 98 32 69 94 72 67 89 93 4 39 80 59 66 75 24 19 3 60 84 9 35 22 56 8 66 14 97 36 57 97 45 64 85 24 28 84 24 10 79 83 54 88 41 29 39 63 66 6 69 42 98 65 61 30 89 52 80 43 97 29 91 5 72 4 59 74 8 22 39 70 79 59 4 84 81 0 42 19 62 4 88 58 5 16 51 78 57 59 78 7 48
33 13 96 37 81 10 11 3 8 50 3 23 19 38 35 6 77 86 42 45 12 41 3 88 92 45 73 78 42 15 56 72 82 2 39 33 28 23 53 87 81 20 23 86 68 84 50 59 6 64 8 95 17 84 18 86 9 47 30 13 68 65 28 12 90 71 44 35 33 52 28 11 23 58 21 26 2 89 66 98 36 17 56 54 10 39 47 47 64 95 90 56 65 80 95 95 46 4 81 38
49 57 54 24 62 91 44 85 7 86 4 68 32 80 94 5 56 27 63 55 56 43 39 97 20 4 22 27 39 77 8 66 85 21 76 2 44 67 35 57 2 36 91 21 67 57 42 40 22 14 52 0 82 18 10 83 25 67 12 26 84 63 39 39 52 36 41 45 98 8 15 21 49 8 64 1 70 10 38 89 15 86 12 21 26 76 83 53 30 2 93 15 45 89 47 59 9 96 95 99
80 54 8 61 74 69 80 17 35 80 75 8 28 35 78 58 91 17 59 38 0 71 24 9 48 65 54 27 23 34 12 50 85 59 77 34 9 27 69 44 63 12 81 44 66 57 29 29 26 8 99 53 83 93 94 74 74 13 91 6 43 11 23 86 32 94 61 97 43 85 14 32 86 23 5 50 63 15 92 33 52 29 31 96 41 90 20 8 20 63 19 80 79 77 95 40 72 54 45 50
12 84 18 95 96 27 77 88 89 95 70 47 7 60 18 31 30 31 87 69 14 89 4 6 3 70 62 19 4 45 82 19 78 15 45 35 91 64 24 75 25 46 61 95 77 18 62 98 15 85 94 28 31 42 60 90 65 89 99 92 22 42 54 52 1 34 52 0 32 3 73 11 11 47 77 51 85 59 46 32 62 57 72 55 46 44 69 85 51 55 23 69 67 4 38 59 5 20 93 6
21 33 16 89 1 24 16 92 44 11 47 54 54 71 17 53 52 36 99 8 40 50 61 87 39 77 64 98 0 18 2 73 41 23 98 85 51 76 51 72 9 37 46 75 6 5 98 28 21 16 11 44 96 33 43 70 23 54 34 66 0 24 27 17 3 77 36 26 67 51 62 62 37 9 22 96 38 74 40 0 94 89 52 74 24 3 50 90 51 96 40 60 54 22 48 21 73 1 97 97
11 8 37 73 13 79 84 21 85 53 71 69 51 57 31 9 45 42 94 1 57 13 18 50 62 46 61 19 61 20 9 27 99 75 44 19 30 37 26 43 21 30 98 53 27 6 42 10 99 66 81 76 63 6 4 87 55 10 34 84 83 80 6 30 51 83 59 48 66 49 64 47 36 39 4 94 41 76 77 15 70 30 45 34 49 50 85 37 1 20 8 62 46 41 78 16 30 66 2 99
59 60 78 27 94 44 6 5 30 96 60 51 63 57 76 24 85 12 17 44 81 56 80 99 61 65 48 82 10 52 80 65 48 57 84 96 67 25 32 75 99 63 88 22 81 71 54 27 22 28 15 26 49 76 30 98 6 84 25 35 48 8 81 38 28 88 90 6 84 73 76 60 74 78 56 37 63 43 54 77 44 99 44 73 42 85 68 81 9 2 77 63 30 19 80 42 94 1 63 14
42 36 77 52 89 47 24 22 71 8 25 22 11 97 69 10 31 84 90 18 0 99 6 67 36 41 76 50 71 91 70 98 31 42 5 84 93 22 43 8 36 75 22 25 10 59 87 29 64 97 78 65 11 65 55 70 54 34 72 76 21 52 90 77 20 79 50 93 11 43 65 59 14 35 21 2 12 74 77 68 60 67 78 82 24 55 22 9 78 67 22 33 62 75 90 31 8 99 54 99
34 43 25 66 67 85 95 6 20 2 93 24 58 65 98 96 61 23 56 36 85 25 47 65 68 73 72 22 45 25 63 64 75 34 88 72 71 20 62 47 87 3 15 16 3 26 89 64 97 95 47 14 78 70 3 9 2 95 19 77 72 52 7 18 41 17 83 56 48 76 74 0 74 14 38 82 22 79 41 31 99 8 43 65 19 73 10 38 37 58 45 57 61 20 64 74 50 38 14 81
96 69 33 52 96 57 40 58 38 78 89 62 83 11 18 63 93 71 57 55 41 43 79 21 41 19 16 75 38 97 68 42 87 29 22 33 90 76 93 60 29 87 60 64 6 32 91 45 89 83 86 59 32 63 33 48 93 98 87 86 55 93 30 43 48 18 72 86 82 48 12 83 98 89 43 94 34 92 48 4 82 60 48 36 50 93 30 15 89 27 23 86 50 46 14 13 96 28 0 59
92 59 73 27 45 48 15 36 76 55 66 22 51 65 97 91 73 31 77 41 47 9 7 96 86 5 27 32 11 46 88 16 36 47 89 0 70 53 93 61 7 27 56 45 25 1 88 1 75 55 37 29 6 52 70 67 90 66 29 21 37 1 99 8 10 91 1 82 7 93 27 68 29 62 23 33 52 16 88 38 79 25 95 5 22 95 75 86 97 1 56 93 91 52 18 70 82 27 18 83
99 64 39 56 32 33 89 76 82 58 39 59 93 97 57 48 3 12 32 33 43 77 43 36 88 73 22 29 82 3 17 89 23 51 20 64 70 33 34 27 59 23 31 39 24 54 21 11 80 48 4 49 33 63 80 73 58 94 7 73 43 42 92 57 72 59 6 21 21 32 99 98 50 60 72 6 82 42 0 82 31 80 7 31 3 2 64 35 74 90 73 38 15 77 8 80 69 78 21 51
16 52 3 89 43 55 36 77 52 24 42 30 81 83 39 66 24 4 45 45 76 87 12 24 88 6 16 48 14 75 94 56 69 53 4 35 35 11 90 35 94 55 66 94 53 82 66 69 38 32 49 7 27 34 24 86 5 66 92 59 80 30 65 2 23 14 31 3 34 1 72 41 73 38 3 50 5 46 24 6 89 33 3 85 42 75 92 78 61 13 2 8 80 15 69 16 32 56 20 91
55 79 16 88 58 70 73 74 32 91 26 72 9 40 75 43 84 63 71 77 21 57 3 69 40 15 90 38 72 50 8 31 45 40 66 34 31 27 39 25 95 56 61 79 57 92 94 41 8 78 50 84 87 43 9 30 72 70 51 26 53 92 85 81 65 51 13 94 27 89 79 77 28 77 66 70 35 44 69 82 58 60 58 56 29 51 90 91 76 99 18 6 60 49 73 66 62 71 34 96
20 74 78 70 90 83 95 19 18 27 82 88 88 55 24 82 2 98 67 76 54 3 13 54 68 27 22 48 0 32 99 87 69 88 36 11 18 78 42 46 37 16 81 30 20 5 70 94 79 26 72 95 47 17 99 78 41 16 33 32 26 88 82 53 74 79 38 9 51 31 30 64 22 8 30 32 41 54 97 71 58 69 26 54 14 10 64 50 49 76 88 54 37 7 65 42 34 80 92 68
84 7 62 55 51 54 24 28 33 22 89 7 72 74 48 4 48 67 66 7 47 23 82 79 33 99 66 4 82 47 8 28 82 20 7 0 81 90 55 11 76 89 23 3 53 9 35 88 90 0 68 37 18 51 23 35 41 64 56 18 73 65 13 31 88 94 6 78 7 86 55 94 81 47 73 2 59 2 94 90 79 15 11 50 72 84 97 76 68 83 32 22 58 76 94 36 51 93 6 80
91 91 78 9 48 73 14 82 48 85 94 27 65 23 26 17 54 43 11 5 57 74 91 12 25 11 55 32 56 65 89 39 82 93 69 61 0 23 5 68 79 11 80 94 18 6 70 55 85 62 52 99 76 54 17 63 79 42 7 86 7 91 69 38 0 14 59 73 81 31 16 74 37 64 96 28 25 95 57 5 10 78 30 75 67 27 3 4 28 47 8 79 84 55 49 29 92 52 66 93
86 25 28 11 23 66 6 38 49 75 8 53 38 82 50 75 34 34 52 38 30 82 34 43 82 91 45 93 79 19 63 40 66 47 92 91 28 10 45 9 19 85 33 15 3 70 4 13 71 41 19 74 5 58 16 81 2 49 24 66 11 39 68 32 78 11 4 75 89 79 14 53 42 35 40 30 9 59 72 7 66 99 17 64 34 20 33 59 86 52 95 26 78 91 18 70 4 43 91 88
23 35 99 69 66 20 52 76 48 67 52 88 6 96 7 23 66 79 8 2 79 16 33 8 30 18 14 74 81 32 58 25 23 7 4 70 54 44 79 45 36 99 99 72 21 59 40 92 63 84 48 89 89 81 63 91 59 13 0 94 63 0 16 97 78 52 31 28 94 99 51 74 62 12 99 87 98 95 83 61 80 56 81 72 10 57 11 76 16 98 27 32 65 59 90 35 93 21 73 4
98 32 88 68 39 1 21 81 20 9 62 21 87 91 64 99 5 16 29 99 95 13 35 71 46 32 8 34 22 73 71 61 92 73 29 48 16 16 38 85 66 86 55 21 19 50 86 22 96 3 54 66 67 34 25 66 52 0 87 0 46 59 65 40 65 11 57 74 60 31 55 53 91 37 16 10 86 80 23 31 70 39 1 60 16 94 29 55 74 99 45 5 38 3 55 36 14 38 21 53
97 18 87 82 97 47 76 85 11 34 25 50 65 49 53 63 95 80 0 30 93 56 71 84 78 18 62 64 15 60 77 73 63 62 26 47 76 14 72 97 39 48 19 2 94 34 57 76 97 38 2 34 30 56 50 2 32 19 42 87 21 66 62 68 77 85 53 8 44 59 37 41 15 77 7 77 94 61 46 25 75 41 85 24 91 2 59 10 39 53 51 20 74 21 44 18 4 44 8 37
66 57 22 24 45 30 5 14 9 26 84 70 68 74 88 59 63 10 91 0 18 66 3 78 66 11 92 0 45 7 34 32 99 59 69 24 74 46 2 8 0 10 67 88 21 46 42 43 45 10 40 91 93 66 94 78 68 38 75 71 92 4 78 9 17 17 75 79 50 50 51 6 35 57 12 5 27 60 96 32 79 26 38 62 78 17 51 12 64 5 26 32 29 38 25 45 31 88 19 86
69 4 57 66 3 73 35 56 50 24 22 66 59 66 45 22 54 17 22 14 79 62 72 12 61 20 21 52 63 87 59 79 82 12 71 86 81 76 20 68 8 31 0 79 41 36 51 80 76 50 82 47 29 80 35 94 42 65 11 35 71 75 15 8 17 77 41 96 86 85 98 40 83 28 87 37 46 51 91 86 32 33 1 19 32 47 43 17 45 90 17 51 92 98 18 56 43 85 44 78
69 5 29 94 65 18 42 4 8 99 44 8 53 27 33 60 23 98 39 33 80 1 33 6 38 52 2 24 16 74 62 63 83 59 62 0 92 81 4 36 4 14 22 66 68 44 30 90 26 84 30 67 3 23 74 81 17 3 72 48 77 90 15 2 29 48 97 45 46 32 16 12 98 23 8 51 57 74 38 98 33 19 4 51 23 51 32 93 87 53 54 88 34 78 77 65 46 26 51 20
45 0 61 64 18 63 7 57 33 55 16 93 29 18 5 88 0 93 23 4 58 4 60 61 61 10 51 15 57 51 38 88 34 62 98 44 0 5 99 97 58 89 89 36 32 46 53 56 12 41 10 1 90 63 66 7 39 1 52 36 82 89 50 8 93 0 89 4 3 2 94 59 38 11 25 82 96 0 69 77 8 23 87 52 19 13 68 19 19 16 1 13 26 88 83 44 16 49 14 47
37 75 38 21 81 64 67 87 88 1 6 51 18 97 12 45 66 19 31 32 6 55 37 51 4 81 42 89 40 64 48 23 83 18 60 33 13 83 12 78 83 0 60 44 65 14 3 39 91 28 75 95 21 18 97 81 82 9 60 38 8 1 86 85 59 54 11 9 17 28 96 92 24 37 67 23 30 89 93 80 89 19 70 83 56 34 14 60 32 19 34 96 8 67 50 54 71 78 37 50
71 30 4 42 14 13 67 33 97 26 61 83 43 85 41 8 39 44 25 6 0 99 73 58 6 93 69 18 75 66 34 41 77 35 97 81 95 40 59 28 65 74 97 31 59 74 28 88 60 35 68 28 54 44 37 59 78 9 78 66 74 62 65 55 5 58 94 82 41 69 73 19 33 72 73 3 45 44 79 22 4 73 18 38 0 20 83 88 8 15 1 20 57 85 68 99 12 38 66 50
83 89 78 22 56 59 15 32 85 67 21 67 73 49 38 13 47 8 26 42 24 35 14 90 22 8 19 68 18 13 65 53 48 89 88 91 3 33 15 3 61 39 97 14 7 84 31 17 54 35 49 31 88 66 66 93 67 18 84 30 96 52 94 36 50 52 18 63 96 47 71 48 89 37 5 72 75 73 67 8 19 1 97 54 67 34 64 21 8 45 46 29 2 8 39 83 65 43 50 59
57 47 34 96 2 31 94 2 60 38 67 61 66 81 42 69 58 10 95 39 76 80 86 21 44 66 93 18 16 73 11 54 43 26 74 91 75 98 7 28 82 74 78 25 2 1 99 65 94 37 54 29 70 45 14 93 98 12 32 54 32 52 47 3 13 62 80 14 45 49 74 46 35 38 80 63 64 8 83 38 50 35 74 26 82 1 10 17 26 58 78 70 10 72 5 53 0 41 55 22
18 14 43 75 86 47 73 72 46 25 42 30 70 96 95 29 89 25 27 0 63 22 27 93 80 14 22 87 26 24 3 98 32 16 73 73 86 68 74 84 43 14 25 88 53 76 56 40 6 86 54 66 20 22 16 61 23 87 41 30 87 88 83 52 13 91 61 80 17 79 76 58 96 68 76 23 11 34 94 75 37 12 92 90 92 19 83 57 52 50 6 38 46 69 52 9 75 7 92 5
54 57 45 95 70 50 46 66 77 35 42 90 39 1 78 29 23 53 97 94 3 69 16 65 55 2 36 52 76 81 33 97 42 55 93 57 44 21 17 87 67 47 22 52 82 47 30 29 89 5 98 40 45 81 26 33 78 40 24 83 78 8 52 23 90 21 51 88 1 51 79 33 24 64 56 65 18 13 4 93 72 17 46 42 35 31 39 43 17 64 50 75 97 78 60 94 58 69 80 57
85 32 86 90 94 82 20 96 80 52 4 14 52 71 52 59 35 76 43 56 68 13 98 29 79 97 67 74 64 2 76 69 13 45 28 44 46 70 16 60 75 16 66 76 98 74 45 25 14 88 80 26 30 25 84 80 1 37 16 27 98 52 81 33 42 12 88 58 39 65 28 89 49 8 73 26 15 53 68 45 25 11 94 44 92 56 82 96 33 23 3 72 88 78 62 84 81 85 9 96
96 22 8 16 65 46 62 62 10 87 85 25 49 79 23 15 92 45 43 16 27 39 63 97 36 81 93 4 67 80 22 95 31 45 97 51 34 41 69 11 26 86 26 51 68 2 35 78 22 29 67 76 64 83 34 18 19 60 49 37 46 32 19 40 10 71 31 52 1 75 34 2 22 99 18 6 77 29 93 26 13 19 94 3 89 68 1 95 93 25 82 29 36 74 73 94 23 93 93 79
7 3 66 49 96 40 65 64 10 97 87 99 98 65 61 20 25 53 18 73 85 97 87 42 73 25 93 70 29 55 3 42 35 82 85 85 69 83 0 60 88 94 24 91 99 82 59 72 42 10 58 77 47 83 29 29 72 23 96 16 49 36 97 64 21 10 92 82 6 83 38 36 36 71 73 44 23 77 7 38 44 4 27 14 41 90 72 75 48 52 22 21 83 8 51 7 68 56 74 30
46 75 46 93 91 25 44 81 14 59 59 50 54 30 96 37 29 97 54 80 56 92 0 1 5 8 18 14 73 1 95 18 28 22 14 24 17 70 91 58 96 41 5 39 52 18 57 57 22 67 48 19 58 26 84 96 93 54 29 58 69 0 25 20 81 5 2 1 69 88 68 66 12 63 37 99 5 83 90 62 92 15 3 42 23 18 72 98 20 79 94 75 76 57 53 93 6 10 46 89
34 40 40 6 99 85 93 10 86 24 53 25 60 74 88 63 72 77 64 67 33 37 16 10 51 34 34 55 74 76 0 63 16 11 15 69 55 59 22 59 24 74 44 20 67 47 45 8 7 22 54 25 88 19 5 67 12 29 77 76 43 31 5 55 12 39 98 63 93 21 48 70 37 97 51 21 75 84 51 68 93 88 47 69 79 37 96 13 19 51 61 34 5 79 37 67 21 35 77 50
89 24 55 72 44 56 67 18 81 59 46 49 69 41 30 47 15 23 99 54 42 36 53 57 7 52 47 25 22 92 14 24 45 9 98 47 50 63 14 86 29 2 62 41 76 39 8 14 95 95 22 51 86 98 63 31 57 63 87 15 5 32 17 19 4 54 16 21 88 3 60 2 9 56 33 85 74 25 34 48 54 97 46 50 55 59 28 88 40 12 87 32 68 17 48 51 79 23 87 61
30 88 9 75 48 68 74 38 23 53 44 82 1 5 27 22 27 2 45 68 70 53 7 61 83 5 46 67 15 81 31 54 39 73 11 59 47 76 46 65 99 62 52 82 74 64 83 87 24 81 85 11 38 44 65 85 9 93 58 47 56 68 94 7 98 48 10 0 38 6 74 18 25 39 15 38 20 88 95 84 92 15 73 9 79 17 17 39 62 53 67 37 0 81 81 66 34 23 71 20
38 13 89 53 40 0 47 25 66 38 49 31 51 66 5 46 56 0 47 19 48 80 31 92 21 87 93 99 65 45 35 59 32 59 87 23 9 39 90 94 12 37 62 45 99 87 96 92 15 53 60 68 45 73 27 55 45 47 99 52 38 14 12 38 31 57 75 64 89 29 83 12 50 15 81 40 60 72 89 35 68 72 83 46 44 5 64 18 98 43 5 0 55 13 74 3 41 61 54 13
47 92 53 50 3 37 35 16 81 46 93 95 7 46 70 40 1 35 0 7 73 9 33 1 87 30 8 94 93 33 74 8 99 42 39 5 37 11 65 86 99 33 7 25 94 53 71 90 44 26 19 86 13 23 9 34 21 20 41 51 32 65 99 73 26 62 31 66 37 58 89 75 64 68 23 92 12 31 45 21 13 71 88 78 39 23 84 10 85 40 96 5 7 45 45 54 52 7 40 2
74 17 14 21 65 42 37 61 32 24 42 17 3 46 9 13 50 2 34 25 93 45 17 41 98 83 8 17 93 76 94 33 18 8 76 70 77 68 97 34 30 51 14 48 25 79 60 69 34 98 59 38 31 77 35 39 39 5 14 9 53 42 48 37 31 42 38 21 13 27 73 44 22 33 53 22 71 41 26 85 25 73 81 72 77 12 91 37 37 81 89 19 42 42 56 30 57 80 15 72
8 90 88 26 2 54 53 35 87 35 14 94 41 23 26 61 18 90 84 62 68 37 73 20 28 30 95 12 3 62 1 90 59 77 7 88 34 74 63 75 25 49 88 21 33 65 45 46 8 29 27 15 3 52 35 80 0 34 42 53 97 35 94 5 5 34 47 86 36 80 90 40 49 35 29 39 17 70 17 96 54 19 75 5 6 74 27 92 83 19 29 0 60 90 66 7 88 43 54 98
62 85 91 64 11 48 91 47 99 37 91 81 6 56 38 65 87 77 90 14 25 53 96 33 28 52 20 46 13 59 50 47 6 6 84 53 38 45 82 79 16 71 20 3 50 27 94 71 70 23 52 4 71 92 15 94 28 47 69 93 57 51 70 9 84 59 11 13 12 89 75 37 38 10 47 80 83 34 9 66 46 12 78 97 41 54 52 28 84 49 59 69 53 92 20 68 57 3 79 88
31 21 20 52 40 40 54 76 78 98 54 64 39 84 13 43 17 74 25 80 83 31 46 50 30 64 4 49 75 2 95 79 29 83 89 42 77 73 83 81 69 62 69 67 43 94 26 41 72 20 57 7 10 92 59 65 58 77 47 65 99 37 30 10 49 19 97 29 85 86 93 87 26 51 13 7 41 83 47 52 94 44 34 56 57 16 82 18 11 15 2 24 26 55 18 19 89 2 87 77
92 79 67 8 30 94 2 55 60 61 27 23 59 53 88 52 50 53 24 76 29 18 62 91 44 81 20 64 27 46 25 46 97 36 17 98 47 71 19 47 84 92 32 47 1 84 17 67 59 44 2 40 29 73 17 51 87 9 39 49 93 64 0 19 16 79 60 45 24 18 11 23 2 19 12 5 24 90 6 45 54 15 95 22 5 71 37 67 99 11 51 75 32 56 6 3 62 94 57 34
81 99 63 99 69 23 46 53 28 56 41 52 36 34 45 81 59 30 57 27 92 81 62 31 82 29 22 79 2 88 39 46 70 48 84 62 97 40 23 47 77 93 27 78 99 97 46 77 21 25 83 10 19 3 37 89 32 86 54 63 71 82 67 84 85 18 7 18 76 71 54 13 5 53 10 49 71 98 25 49 10 41 3 31 87 71 9 88 77 87 45 34 36 21 47 38 2 99 56 25
83 96 7 5 20 77 84 18 93 0 50 84 11 5 76 30 10 57 2 95 70 52 34 42 5 9 19 2 86 71 66 5 75 93 42 50 44 67 38 5 73 61 53 61 78 87 17 93 35 61 61 59 28 21 35 9 94 28 32 27 12 8 97 27 7 38 1 22 30 91 2 18 67 68 45 68 22 45 35 67 83 14 84 44 16 59 41 61 91 48 49 95 99 67 76 24 18 37 97 32
80 3 40 38 4 76 70 21 63 41 39 68 77 89 17 95 58 45 65 10 75 36 21 1 54 63 69 7 31 21 7 96 53 13 14 20 20 28 58 60 24 13 59 23 65 23 79 45 48 96 57 43 33 18 43 18 5 5 68 26 83 45 59 2 74 97 99 39 70 58 7 15 2 5 90 21 52 85 95 16 65 86 74 48 50 28 4 52 88 45 74 98 17 52 90 27 77 76 52 66
69 50 57 56 82 18 24 91 46 84 40 52 95 29 56 95 7 22 74 11 91 4 54 49 46 69 82 29 58 25 77 98 97 66 92 74 59 82 58 2 63 17 33 14 40 75 60 13 60 58 8 62 81 59 28 66 89 94 28 88 2 5 79 37 34 94 39 53 7 94 74 2 54 15 9 40 90 95 3 82 47 51 21 70 8 88 65 51 10 16 29 80 27 85 31 50 9 13 13 13
98 60 6 75 43 22 32 60 76 91 59 98 38 67 34 97 0 61 93 85 13 73 75 99 93 29 32 18 71 83 56 65 13 37 31 66 36 9 54 93 59 52 10 44 47 93 25 38 13 10 45 62 60 13 93 24 40 74 62 24 15 63 52 61 4 9 76 38 80 42 50 38 8 25 34 55 18 37 57 48 65 95 81 25 12 18 73 73 36 76 61 11 97 39 94 50 34 80 3 78
80 14 16 81 44 20 55 60 10 58 30 22 25 78 56 61 33 93 0 92 44 2 15 25 94 66 41 44 42 53 91 88 98 3 91 23 7 70 4 15 14 25 43 6 58 94 88 77 64 74 91 25 18 15 35 28 58 3 75 40 20 48 7 68 58 27 58 62 43 90 12 50 33 95 43 25 26 41 98 80 15 87 94 41 36 88 51 57 84 3 34 28 28 21 27 6 80 68 43 91
55 56 17 41 57 31 92 75 96 40 26 38 32 80 14 99 34 90 86 39 37 2 40 31 54 71 14 34 63 64 81 2 36 20 19 56 98 21 21 54 66 65 5 85 60 32 87 72 76 15 0 64 99 48 90 78 48 5 97 27 13 54 9 61 98 72 33 76 40 90 41 3 27 43 99 7 55 7 4 17 14 91 93 3 36 16 87 90 94 97 12 21 72 95 23 50 4 7 19 15
88 35 92 55 10 83 35 53 87 4 22 42 72 93 15 48 81 24 94 42 56 64 17 28 38 52 34 22 73 15 49 68 66 8 42 96 99 94 22 18 47 56 44 66 96 46 52 43 27 92 8 60 50 89 45 5 71 10 70 83 1 48 78 88 6 83 40 61 49 22 92 3 97 23 97 13 15 39 64 4 87 48 71 17 75 92 40 37 91 30 56 61 52 46 19 22 98 47 79 48
51 13 96 82 80 0 50 47 3 33 71 61 92 94 25 3 44 71 48 18 43 13 62 53 94 28 26 28 0 28 80 71 45 39 68 64 91 44 11 11 1 17 26 60 70 34 58 77 44 79 97 1 21 56 51 81 43 44 5 72 80 77 39 28 23 92 45 41 74 67 74 6 87 14 12 39 79 15 19 89 43 14 76 83 79 63 49 76 97 0 25 32 36 53 53 56 58 94 32 59
90 42 64 91 68 49 46 63 16 50 47 97 51 77 35 43 65 44 32 36 42 50 41 35 34 58 20 39 14 48 41 51 89 3 53 40 70 83 85 16 93 7 46 43 76 42 2 43 73 54 64 59 33 42 2 80 82 81 85 71 99 51 29 58 79 50 41 47 40 56 71 94 80 57 20 8 18 66 5 74 74 93 33 23 84 10 76 84 7 36 79 75 91 65 93 17 63 65 19 4
56 19 1 3 6 77 98 4 54 11 48 56 17 39 29 79 85 85 27 5 63 82 25 75 57 4 40 93 0 62 50 6 49 45 91 93 70 48 51 65 32 50 29 77 95 15 22 57 56 19 67 85 29 37 23 67 69 24 69 78 16 43 14 61 94 65 22 46 19 75 74 89 34 56 95 36 64 55 69 64 14 84 72 34 9 99 69 82 8 55 80 41 40 75 72 44 22 42 61 70
50 41 16 77 9 13 25 2 49 82 85 43 89 7 74 50 9 92 71 76 13 18 50 81 69 94 22 34 60 10 94 32 30 45 15 14 58 71 10 96 35 63 98 58 97 36 48 89 79 86 6 57 61 39 89 93 63 5 90 29 34 97 29 81 74 53 55 26 46 19 36 6 43 31 7 61 86 10 17 79 25 34 28 34 59 67 57 93 8 8 14 67 51 76 33 84 57 6 72 84
29 64 75 89 84 47 7 49 40 28 68 62 96 63 45 95 12 68 13 13 67 24 79 67 12 3 43 4 59 73 24 40 88 67 28 81 65 97 60 63 86 99 57 83 28 55 84 22 59 68 69 37 38 29 49 8 99 35 46 79 55 47 57 89 32 85 84 1 91 11 13 94 16 58 88 91 51 31 21 6 63 28 13 36 83 65 8 87 53 31 66 20 96 59 92 48 5 70 5 3
25 52 50 3 95 25 34 66 74 20 98 57 94 75 51 20 87 52 93 95 34 68 66 9 61 98 61 61 51 27 29 13 37 45 66 44 67 23 36 89 58 70 38 28 9 37 27 54 24 54 80 54 4 77 37 82 73 14 25 19 65 64 49 63 57 22 19 58 60 41 88 99 70 14 76 51 77 86 90 7 81 18 51 23 33 42 57 60 91 3 82 48 14 18 19 5 27 39 7 3
86 60 40 27 99 96 83 29 98 40 47 81 83 69 93 81 58 36 79 24 27 47 87 64 90 71 62 30 95 14 55 16 71 22 0 70 67 22 62 39 68 37 59 10 92 67 95 49 96 62 72 76 52 85 38 82 81 3 56 12 58 7 71 34 43 13 19 29 10 6 56 34 82 89 71 74 19 17 76 78 96 86 78 26 85 57 17 60 66 26 40 63 79 35 85 76 94 79 20 48
1 73 91 64 27 50 2 51 49 58 47 15 86 71 58 59 25 60 51 38 99 96 39 17 13 59 28 15 9 47 94 79 86 32 88 20 70 95 20 47 39 36 96 44 81 16 27 42 49 28 3 67 52 71 40 76 10 61 50 98 74 72 54 36 42 40 32 10 15 75 67 68 11 72 3 11 55 97 84 27 85 99 62 70 91 80 62 1 8 40 12 29 58 17 29 79 11 40 39 50
13 17 53 6 59 62 55 35 54 74 0 42 94 18 66 47 94 54 42 66 56 65 93 14 49 92 97 32 24 37 39 35 76 65 98 64 53 19 60 24 7 96 57 12 71 52 76 31 53 19 20 49 96 49 66 82 96 79 43 48 61 6 47 88 26 77 59 86 19 43 41 48 18 24 49 63 31 44 72 53 11 96 21 38 5 84 68 45 60 71 72 58 28 85 19 84 4 5 20 46
25 27 38 36 41 8 33 22 92 57 20 4 81 22 91 76 2 45 67 66 61 37 79 26 76 41 30 46 34 63 42 86 55 29 89 1 22 27 9 15 6 77 29 28 61 67 16 15 50 18 46 26 22 25 25 91 23 90 71 12 45 36 53 28 13 78 60 70 60 55 93 56 16 61 11 51 96 87 91 17 19 87 75 86 47 41 98 35 12 69 49 22 25 43 26 32 79 14 54 7
20 33 66 1 95 45 60 94 59 44 19 71 31 2 38 15 94 98 41 83 52 52 5 95 3 49 85 56 74 90 62 95 32 63 90 58 51 61 2 62 71 45 76 19 79 39 98 26 49 85 7 64 78 16 64 90 40 17 24 49 10 26 41 49 89 4 23 89 4 62 49 20 87 58 33 47 6 84 76 60 56 52 59 26 63 70 33 46 22 76 73 45 7 29 58 86 72 80 32 94
97 15 81 66 32 83 38 71 33 26 31 77 95 54 13 55 32 78 19 52 21 80 25 31 28 68 66 69 65 84 45 50 36 72 64 71 14 15 48 90 28 79 94 46 60 78 33 94 90 19 44 42 5 79 57 12 48 75 15 89 45 3 7 59 87 29 9 19 16 55 51 98 75 89 85 98 57 84 7 69 76 19 30 56 45 90 97 91 97 25 23 98 85 18 70 72 47 19 89 4
75 84 35 66 23 37 39 41 18 76 15 3 85 36 16 13 88 38 34 97 83 13 85 51 71 98 29 4 34 88 30 32 25 91 69 95 60 38 78 5 22 55 5 4 41 48 76 62 27 21 97 96 46 45 80 8 88 57 81 96 94 87 42 25 13 38 69 80 41 26 4 0 0 22 42 74 46 80 54 14 70 49 99 35 66 99 96 84 84 18 80 60 39 18 10 20 13 77 92 40
14 40 34 88 73 49 55 60 57 75 60 75 80 72 7 84 91 71 83 94 11 35 9 25 90 68 69 59 59 24 12 66 0 85 78 70 57 76 75 52 30 41 79 33 12 21 12 90 9 57 83 79 66 31 76 48 51 4 65 87 39 20 27 60 36 1 13 10 13 55 50 76 56 83 28 52 78 10 38 7 13 34 12 85 7 9 43 16 66 65 29 4 61 25 80 23 78 81 13 12
22 27 23 58 5 38 17 32 40 94 15 45 64 54 12 55 42 38 23 0 19 4 10 6 23 26 91 45 92 57 77 88 24 76 40 20 83 43 42 80 98 26 3 45 45 84 43 69 68 61 83 67 94 89 76 93 65 65 12 61 37 70 74 30 28 15 74 48 25 5 72 25 64 97 24 78 68 38 10 31 5 17 50 89 21 28 76 45 47 17 5 12 9 24 28 39 44 20 52 20
2 68 47 98 8 70 85 37 82 7 10 67 94 10 49 14 96 70 93 34 77 94 89 88 92 15 36 83 61 91 32 20 91 74 26 9 93 93 35 38 23 47 21 19 22 49 80 85 1 9 15 64 10 58 51 84 61 39 83 88 30 74 28 40 47 10 46 73 33 35 1 51 69 97 17 65 37 21 8 10 68 45 31 4 79 30 38 50 4 46 43 24 69 15 59 30 80 79 59 40
8 70 78 37 98 78 47 34 49 2 1 54 97 13 99 83 51 62 81 5 36 59 66 92 72 2 28 60 97 76 17 40 76 13 54 34 22 45 10 66 44 54 85 65 54 7 50 74 28 2 10 31 75 66 94 0 75 64 76 9 66 27 42 12 34 2 85 38 58 76 56 28 44 76 28 20 49 14 93 89 52 8 33 47 98 14 24 24 98 81 35 59 56 74 93 89 42 4 94 15
19 6 46 9 99 68 98 64 40 61 76 27 87 4 72 38 53 10 33 87 91 42 69 57 68 80 50 41 94 65 82 45 23 71 41 17 41 48 21 27 42 64 29 86 4 57 47 91 4 61 18 71 96 89 73 86 39 47 98 88 55 59 44 69 39 57 89 51 75 35 36 15 60 21 62 67 44 68 22 60 42 94 70 75 61 82 10 32 66 37 51 5 40 86 16 21 39 4 88 65
80 94 91 87 46 17 15 7 25 33 96 27 46 63 49 58 76 25 32 79 10 31 34 92 42 78 0 97 16 47 8 7 24 67 11 78 66 17 13 8 1 7 37 78 92 78 91 88 68 87 54 47 36 99 63 25 97 99 80 35 64 15 50 75 45 71 48 16 40 62 90 61 52 16 63 56 47 69 59 4 38 47 14 38 46 88 74 69 16 83 48 35 16 44 8 65 99 41 32 38
69 31 92 92 83 1 35 87 71 91 61 68 35 89 10 24 69 46 44 55 69 71 96 2 50 91 8 15 74 36 74 22 72 63 17 32 82 19 78 9 2 90 1 11 17 78 0 8 75 54 93 83 83 86 97 0 59 64 94 18 32 48 66 61 36 6 30 68 72 48 86 35 2 33 45 5 61 63 37 45 22 84 42 17 59 5 24 78 64 76 60 29 74 58 72 37 98 72 73 98
12 41 44 3 70 92 61 98 23 96 46 11 19 60 71 71 24 41 82 68 8 88 12 96 98 16 92 92 55 15 11 87 57 42 78 4 64 37 62 96 32 30 49 26 30 50 74 79 8 74 58 70 37 21 16 11 80 18 63 21 48 21 13 65 47 96 32 9 55 77 20 51 60 67 31 41 40 43 10 91 3 61 58 9 45 76 76 71 32 39 31 94 82 38 82 52 2 2 40 41
61 85 52 40 57 50 92 71 85 32 93 67 52 36 23 64 89 81 32 46 74 57 91 62 9 46 46 15 51 98 13 95 96 49 90 45 24 87 96 52 49 70 70 9 13 79 39 76 7 47 19 28 86 39 41 65 51 17 86 15 79 20 78 50 35 64 98 70 79 30 73 40 76 68 20 30 23 52 91 81 8 81 21 77 11 17 83 97 9 33 63 56 54 89 66 77 50 97 55 59
56 43 48 24 4 67 35 98 32 34 42 91 85 75 40 99 17 84 49 47 92 65 23 88 57 50 53 47 76 87 1 99 96 51 35 7 87 31 87 66 14 74 42 54 41 38 87 37 94 52 5 22 9 62 83 74 85 54 30 14 17 24 16 13 49 34 76 19 72 57 15 15 54 0 15 35 43 32 70 46 85 71 66 38 88 43 64 49 11 38 14 2 7 65 93 83 22 8 70 42
63 21 32 47 34 36 46 7 24 69 30 64 82 90 12 56 52 3 35 12 87 73 83 36 66 30 99 97 9 1 75 88 66 81 64 67 68 40 37 0 45 38 91 73 30 11 7 68 35 83 90 6 84 46 79 71 54 69 49 22 53 86 79 9 60 89 17 98 76 84 97 33 8 36 9 28 43 57 79 8 70 44 15 83 90 42 98 70 27 33 85 31 69 68 80 32 22 28 98 22
