576
317
799
240
326
726
442
970
444
760
472
570
687
943
484
521
245
859
258
610
942
757
562
549
648
946
128
847
441
933
661
621
462
329
47
474
414
936
705
859
255
138
246
913
408
94
801
755
63
560
223
694
419
328
923
353
95
340
930
303
668
173
232
213
250
543
174
743
228
686
871
423
92
140
971
798
10
78
373
469
200
631
921
19
959
126
341
533
287
106
232
315
313
363
124
99
779
634
678
1
937
508
17
272
930
467
331
976
958
762
751
110
407
413
849
150
146
620
889
555
373
759
114
771
653
9
900
838
335
229
178
744
346
990
152
770
121
361
574
939
452
665
901
488
748
733
400
584
900
473
754
164
562
782
50
550
116
161
983
506
418
795
13
42
465
890
505
13
15
480
145
51
779
813
692
638
823
429
52
119
543
119
790
734
408
639
681
307
755
257
168
78
543
942
591
59
830
517
691
391
284
493
283
828
485
92
295
971
443
913
710
571
608
715
869
185
442
80
847
3
906
278
119
340
6
506
384
468
603
175
511
507
964
388
299
3
227
979
919
582
801
331
54
274
504
19
88
523
987
220
893
846
138
459
185
654
628
274
323
239
809
662
157
183
574
532
23
655
247
785
623
978
412
307
716
368
529
601
136
853
99
376
694
274
951
332
285
848
343
862
68
850
307
303
988
566
836
459
953
822
998
56
501
564
520
499
705
150
567
751
456
883
244
668
567
529
778
160
296
584
594
194
898
340
857
766
263
399
165
854
689
444
902
415
190
758
362
778
218
713
96
613
259
378
937
658
848
343
925
922
370
529
911
972
861
742
123
276
637
122
719
379
367
849
822
153
484
785
120
884
242
593
933
595
433
959
72
984
750
666
997
124
922
445
94
126
42
571
284
931
735
270
584
669
845
766
866
795
219
149
121
799
61
613
332
309
197
435
730
811
322
112
856
635
298
510
178
135
549
52
40
681
30
641
167
247
916
346
250
882
438
255
753
336
927
301
142
370
570
446
747
687
906
149
763
859
836
465
309
192
989
556
472
604
545
471
605
321
71
235
686
634
747
700
109
799
87
398
456
256
228
760
123
729
351
678
789
443
710
245
569
660
988
752
364
905
592
21
192
339
235
645
119
698
176
930
985
356
365
454
681
948
588
908
731
941
844
392
450
410
983
770
329
226
680
65
205
255
427
753
318
156
655
766
872
68
186
245
703
163
778
633
573
325
110
125
431
425
872
863
787
827
815
812
973
954
949
794
634
553
541
500
252
103
194
667
150
54
468
834
450
170
36
153
356
814
174
666
513
935
531
533
258
356
897
794
413
771
953
102
807
768
899
985
179
19
354
775
52
458
198
780
327
703
851
707
733
236
38
814
854
221
591
12
914
356
332
389
123
753
291
645
864
336
198
530
598
364
660
666
898
592
186
950
280
905
106
668
28
225
526
925
449
422
245
432
986
406
810
718
917
418
82
258
739
772
494
404
872
738
672
438
984
733
95
43
1
372
424
519
197
478
946
602
914
995
593
659
753
856
646
154
596
973
983
466
901
600
56
521
223
499
212
766
454
467
679
321
841
342
193
44
275
124
241
835
864
418
765
586
522
377
245
605
160
439
551
817
373
388
506
746
730
454
866
257
938
84
133
620
855
726
667
813
923
305
131
720
376
680
822
793
139
45
413
119
82
184
402
239
46
26
365
336
730
891
758
218
638
135
704
980
876
575
443
581
92
246
104
323
375
674
348
165
575
612
576
883
187
861
571
179
709
408
287
239
423
792
859
886
853
398
395
377
404
58
787
793
148
811
658
754
373
774
661
371
313
484
114
360
13
654
922
792
240
179
673
339
304
66
718
646
416
786
659
689
305
56
992
67
413
146
687
919
661
389
322
899
319
267
488
635
732
496
458
339
12
44
24
564
68
912
498
555
378
762
656
324
814
69
291
441
0
734
936
91
666
338
883
862
562
660
357
442
385
637
456
336
548
187
487
58
230
255
237
807
386
472
377
115
128
126
995
679
162
943
755
12
54
545
191
976
425
414
165
335
151
435
570
46
666
39
955
831
349
15
920
829
617
889
276
440
536
115
199
330
193
864
654
217
794
798
746
298
409
589
842
998
756
430
43
402
523
719
241
659
668
576
909
677
563
47
873
835
819
495
568
106
37
388
248
534
958
896
733
42
10
691
225
9
217
118
108
676
96
863
310
627
949
38
193
525
640
673
752
866
34
45
193
515
702
341
288
866
809
635
58
459
208
234
472
543
224
963
309
661
773
306
115
62
